_viz_0 = nengo_gui.components.HTMLView(result)
_viz_config[_viz_0].x = 0.8901254424731004
_viz_config[_viz_0].y = 0.8956539086982636
_viz_config[_viz_0].width = 0.15199538731006712
_viz_config[_viz_0].height = 0.09090059373021757
_viz_config[_viz_0].label_visible = False
_viz_1 = nengo_gui.components.HTMLView(accept)
_viz_config[_viz_1].x = 0.8511231848630005
_viz_config[_viz_1].y = 1.062151072578828
_viz_config[_viz_1].width = 0.1122834705119784
_viz_config[_viz_1].height = 0.03727502468576013
_viz_config[_viz_1].label_visible = False
_viz_3 = nengo_gui.components.Value(filtered_output)
_viz_config[_viz_3].max_value = 100
_viz_config[_viz_3].min_value = 0
_viz_config[_viz_3].show_legend = False
_viz_config[_viz_3].legend_labels = ['label_0', 'label_1', 'label_2', 'label_3', 'label_4', 'label_5', 'label_6', 'label_7', 'label_8', 'label_9', 'label_10', 'label_11', 'label_12', 'label_13', 'label_14', 'label_15', 'label_16', 'label_17', 'label_18', 'label_19', 'label_20', 'label_21', 'label_22', 'label_23', 'label_24', 'label_25', 'label_26', 'label_27', 'label_28']
_viz_config[_viz_3].synapse = 0.01
_viz_config[_viz_3].x = 0.2783194723942479
_viz_config[_viz_3].y = 0.9595377882789439
_viz_config[_viz_3].width = 0.27101429520191567
_viz_config[_viz_3].height = 0.22666004990994318
_viz_config[_viz_3].label_visible = True
_viz_net_graph = nengo_gui.components.NetGraph()
_viz_progress = nengo_gui.components.Progress()
_viz_config[_viz_progress].x = 0
_viz_config[_viz_progress].y = 0
_viz_config[_viz_progress].width = 100
_viz_config[_viz_progress].height = 100
_viz_config[_viz_progress].label_visible = True
_viz_sim_control = nengo_gui.components.SimControl()
_viz_config[_viz_sim_control].shown_time = 0.5
_viz_config[_viz_sim_control].kept_time = 4.0
_viz_config[accept].pos=(0.9561244173523786, 0.5422051731543767)
_viz_config[accept].size=(0.034188034188034185, 0.05128205128205128)
_viz_config[filtered_output].pos=(0.7847583041443235, 0.43373188773953825)
_viz_config[filtered_output].size=(0.034188034188034185, 0.05128205128205128)
_viz_config[inp].pos=(0.004163674760644696, 0.43488376657133826)
_viz_config[inp].size=(0.034188034188034185, 0.05128205128205128)
_viz_config[layer_0].pos=(0.23031583112313175, 0.43251663676892643)
_viz_config[layer_0].size=(0.1064940367043672, 0.1467332422318632)
_viz_config[layer_0].expanded=True
_viz_config[layer_0].has_layout=True
_viz_config[layer_0.ensemble].pos=(0.4780645503365442, 0.4690226950067335)
_viz_config[layer_0.ensemble].size=(0.1662501968692533, 0.3260452806156646)
_viz_config[layer_0.error].pos=(0.6813210843944157, 0.17136780141700333)
_viz_config[layer_0.error].size=(0.07843137254901959, 0.08333333333333333)
_viz_config[layer_0.input].pos=(0.11648325556042896, 0.463645295479068)
_viz_config[layer_0.input].size=(0.07843137254901959, 0.08333333333333333)
_viz_config[layer_0.output].pos=(0.878032882023707, 0.46269633569500557)
_viz_config[layer_0.output].size=(0.07843137254901959, 0.08333333333333333)
_viz_config[layer_1].pos=(0.4673509906142138, 0.43488376657133876)
_viz_config[layer_1].size=(0.042735042735042736, 0.06410256410256411)
_viz_config[model].pos=(0.11175952904599983, -0.13224920965562031)
_viz_config[model].size=(0.7713210535693216, 0.7713210535693216)
_viz_config[model].expanded=True
_viz_config[model].has_layout=True
_viz_config[out].pos=(0.6367521367521367, 0.43373188773953825)
_viz_config[out].size=(0.034188034188034185, 0.05128205128205128)
_viz_config[out_bias].pos=(0.46508362825559674, 0.254043130922778)
_viz_config[out_bias].size=(0.034188034188034185, 0.05128205128205128)
_viz_config[result].pos=(0.9537884227707918, 0.2842283524162361)
_viz_config[result].size=(0.034188034188034185, 0.05128205128205128)